525
525
483
483
493
472
364
402
402
364
364
364
364
327
327
336
327
257
257
257
257
224
232
224
232
168
184
176
176
115
115
115
86
86
86
93
38
45
38
18
-15
-40
-15
-15
-58
-64
-58
-64
-100
-106
-100
-172
-188
-172
-172
-218
-218
-213
-218
-253
-253
-248
-253
-308
-303
-321
-308
-339
-339
-339
-339
-388
-380
-384
-431
-431
-438
-431
-471
-467
-471
-467
-509
-505
-509
-505
-544
-538
-544
-538
-590
-599
-587
-590
-618
-618
-618
-654
-651
-654
-648
-682
-669
-682
-687
-709
-709
-706
-709
-732
-732
-732
-732
-754
-757
-754
-757
-786
-780
-788
-798
-798
-798
-798
-820
-820
-818
-820
-833
-833
-830
-833
-852
-844
-852
-846
-859
-857
-859
-871
-871
-869
-871
-878
-878
-873
-876
-883
-883
-883
-883
-883
-881
-883
-881
-883
-881
-883
-883
-883
-886
-883
-878
-876
-878
-876
-871
-869
-871
-869
-859
-855
-859
-855
-852
-850
-852
-852
-839
-846
-839
-839
-826
-826
-826
-806
-804
-806
-802
-798
-794
-798
-802
-782
-788
-780
-780
-757
-759
-757
-759
-739
-741
-739
-725
-723
-725
-721
-699
-706
-699
-706
-672
-672
-672
-672
-640
-640
-638
-640
-607
-610
-604
-610
-572
-578
-584
-557
-566
-554
-554
-522
-518
-518
-518
-481
-481
-478
-481
-442
-445
-438
-445
-427
-415
-427
-384
-384
-384
-384
-339
-339
-339
-339
-308
-303
-299
-308
-267
-271
-281
-271
-253
-233
-253
-218
-218
-213
-218
-172
-172
-167
-172
-128
-128
-123
-128
-88
-82
-100
-88
-82
-58
-64
-64
-40
-40
-40
11
11
11
11
38
38
45
38
58
65
45
58
65
86
86
86
115
123
115
145
145
153
145
176
176
184
176
192
192
176
192
224
224
200
232
257
257
257
257
257
266
257
292
292
300
292
327
327
336
327
364
364
336
364
364
364
364
364
402
402
402
442
442
442
442
483
483
493
483
483
483
452
483
514
525
525
525
558
569
569
569
558
569
569
558
569
580
569
603
603
627
603
603
603
569
603
650
663
650
663
650
663
650
650
650
663
650
700
700
712
700
700
700
675
700
700
700
663
700
751
751
751
751
751
764
751
751
751
764
751
804
804
817
804
804
804
777
804
764
804
764
804
873
873
873
873
873
888
873
873
873
888
873
873
873
888
873
873
873
845
888
831
888
831
873
932
947
932
932
932
947
932
932
932
947
932
932
932
947
932
947
932
947
932
888
932
888
932
932
947
932
932
932
947
932
932
932
947
932
873
873
888
873
888
873
888
873
845
873
845
873
831
873
831
804
804
804
804
804
804
804
804
817
804
817
804
764
751
764
751
764
751
764
700
663
700
663
700
700
700
700
50
650
663
650
663
650
663
650
615
615
615
558
569
569
580
525
558
525
493
525
483
525
483
483
483
483
483
442
442
442
442
442
442
442
402
412
402
412
364
373
364
373
364
345
364
345
327
300
327
327
292
292
292
257
266
257
266
224
232
224
232
192
200
192
200
176
184
176
176
145
130
145
115
115
93
115
86
86
86
86
38
38
38
38
5
11
11
11
-15
-8
-15
-15
-64
-58
-64
-82
-82
-76
-82
-128
-128
-145
-128
-150
-150
-150
-150
-172
-167
-172
-172
-218
-213
-218
-238
-238
-233
-233
-253
-253
-248
-253
-290
-290
-281
-290
-317
-303
-317
-303
-355
-339
-355
-355
-355
-355
-355
-384
-384
-384
-384
-400
-400
-396
-400
-431
-431
-427
-431
-438
-445
-438
-442
-453
-456
-464
-471
-481
-467
-481
-495
-495
-495
-495
-509
-509
-505
-505
-518
-518
-518
-518
-528
-531
-528
-544
-538
-544
-538
-554
-550
-554
-550
-566
-572
-566
-575
-566
-578
-566
-575
-575
-578
-575
-578
-575
-578
-590
-587
-587
-587
-587
-584
-587
-584
-590
-584
-587
-584
-587
-584
-587
-590
-587
-596
-587
-590
-587
-599
-587
-587
-587
-587
-587
-578
-575
-578
-575
-578
-575
-578
-575
-566
-563
-566
-566
-566
-563
-566
-554
-554
-550
-554
-544
-541
-550
-541
-531
-531
-541
-531
-518
-518
-518
-518
-509
-505
-509
-495
-495
-492
-481
-478
-481
-481
-481
-478
-481
-453
-456
-453
-456
-453
-442
-453
-445
-456
-442
-456
-415
-415
-415
-415
-415
-415
-415
-415
-384
-384
-384
-384
-368
-372
-368
-372
-351
-355
-351
-339
-334
-339
-334
-303
-299
-308
-299
-290
-299
-290
-299
-271
-285
-271
-271
-253
-253
-253
-233
-233
-233
-233
-193
-188
-193
-188
-172
-167
-172
-167
-150
-145
-150
-145
-128
-123
-128
-128
-106
-100
-106
-88
-82
-100
-82
-64
-58
-82
-58
-40
-40
-40
-40
-15
-15
-15
-15
11
11
11
38
38
38
38
31
38
45
38
65
65
72
65
101
86
101
93
101
115
101
115
93
115
93
145
115
145
51
176
176
176
176
192
192
200
192
200
192
200
192
200
192
200
224
232
224
232
224
232
224
240
257
266
257
266
257
240
257
257
292
266
292
292
292
292
292
327
327
327
327
327
327
327
327
327
327
327
327
364
373
364
364
364
373
364
364
364
373
364
402
402
412
402
402
402
383
402
373
402
373
402
402
442
412
442
442
442
442
442
442
442
442
442
442
442
442
483
483
483
483
483
493
483
493
483
493
483
493
483
493
514
504
525
504
525
493
525
493
525
483
525
525
525
525
525
525
525
525
525
525
525
525
525
558
569
569
569
569
569
569
558
569
569
569
569
569
569
569
525
525
536
525
442
442
422
442
412
442
412
442
712
764
712
569
569
569
569
525
525
525
525
525
525
525
525
525
525
525
525
525
525
525
525
483
483
483
483
493
483
483
483
493
442
422
442
422
4
42
412
442
442
442
442
442
402
402
402
402
402
402
402
412
364
364
364
364
327
336
327
327
327
336
327
292
292
300
292
292
292
300
292
257
257
274
257
208
224
208
224
200
224
200
192
168
200
168
192
192
200
192
176
176
176
176
145
145
145
145
145
145
153
115
123
115
123
115
123
115
123
86
93
93
93
86
101
86
101
65
72
65
65
58
45
65
38
38
11
38
11
11

11
11
11
11
11
-15
-15
-15
-15
-15
-15
-15
-40
-40
-34
-40
-64
-64
-58
-64
-88
-88
-82
-82
-145
-150
-145
-150
-145
-145
-106
-100
-106
-100
-15
-34
-15
-15
-34
-15
-34
-15
-40
-15
-40
-40
-40
-40
-40
-40
-40
-40
-40
-34
-40
-34
-64
-58
-64
-58
-88
-82
-82
-82
-82
-82
-82
-88
-106
-100
-106
-1
06
-100
-106
-128
-123
-128
-167
-150
-161
-150
-167
-150
-167
-150
-167
-150
-167
-172
-172
-167
-172
-172
-172
-167
-172
-172
-172
-167
-167
-150
-150
-145
-150
-167
-172
-167

-188
-218
-213
-213
-213
-218
-213
-218
-218
-208
-218
-233
-233
-248
-233
-233
-233
-248
-233
-253
-253
-271
-253
-253
-253
-253
-253
-253
-253
-253
-253
-253
-253
-253
-253
-253
-248
-253
-253
-253
-248
-253
-248
-253
-248
-253
-253
-248
-253
-248
-253
-248
-253
-248
-253
-248
-250
-262
-253
-267
-253
-253
-431
-584
-541
-638
-752
-757
-893
-816
-859