-672
-669
-664
-667
-640
-640
-621
-618
-590
-587
-566
-566
-544
-541
-505
-505
-478
-478
-471
-460
-431
-400
-400
-372
-368
-339
-339
-308
-303
-267
-267
-228
-228
-208
-208
-172
-172
-128
-128
-106
-106
-64
-40
-40
-15
-15
11
18
58
38
86
86
115
115
145
145
176
176
192
200
232
232
232
257
274
292
266
292
292
327
327
327
327
364
364
364
364
402
402
442
452
452
452
452
483
483
514
525
514
525
525
525
569
569
569
569
569
569
569
580
615
580
569
569
603
603
650
650
650
650
663
700
700
700
712
712
712
712
712
712
675
663
663
751
751
751
751
751
751
751
751
751
751
751
764
764
804
817
817
817
777
764
764
804
751
751
751
751
751
751
751
751
751
751
764
712
712
712
712
712
712
627
627
615
663
650
663
650
650
603
603
615
603
615
569
569
569
569
525
525
525
525
493
462
452
442
483
483
442
442
402
402
402
364
364
364
364
327
327
327
336
300
300
300
300
300
274
266
266
257
257
257
257
257
224
224
224
224
224
224
192
200
200
200
176
176
176
184
153
153
123
145
115
115
115
115
115
115
115
86
86
86
93
86
3
93
93
93
93
65
65
65
58
72
58
45
38
11
38
38
38
38
38
38
38
38
38
38
38
38
38
38
38
38
38
38
45
38
45
18
18
11
38
38
38
38
38
38
38
65
65
65
58
65
58
65
65
65
86
93
93
93
93
93
93
101
72
65
65
65
86
86
86
115
115
115
115
145
145
145
145
145
145
145
145
176
176
176
176
200
192
208
192
176
192
168
192
192
224
224
224
224
224
224
224
224
224
232
257
257
266
257
266
257
266
292
300
292
300
300
300
300
300
266
266
266
266
327
327
327
327
327
327
327
327
327
327
327
327
327
364
364
364
364
364
364
364
373
373
373
373
373
373
364
345
364
336
364
366
364
364
364
364
364
364
364
364
364
364
364
364
364
364
364
364
364
364
364
373
373
373
373
373
373
373
336
336
336
336
364
364
364
364
364
364
364
364
364
364
364
364
364
292
292
292
292
266
257
442
336
292
300
292
300274
266
266
292
292
292
292
292
292
292
292
292
292
292
292
292
292
292292
292
292
292
292
300
292
292
300
300
300
3000
292
300
292
274
292
266
292
266
292
292
292
292
257
257
292
292
292
257
257
257
257
257
266
257
266
257
266
232
232
232
232
232
93
93
123
115
101
192
176
224
200
257
224
257
257
257
257
257
257
257
257
257
6
257
257
257
257
257
266
257
266
257
266
266
266
266
266
266
266
266
266
266
266
266
266
336
257
274
224
208
224
