-445
-445
-431
-427
-412
-400
-400
-372
-368
-351
-334
-321
-308
-290
-271
-253
-238
-218
-193
-172
-150
-145
-123
-128
-106
-106
-82
-82
-58
-76
-40
-40
-15
-15
11
18
38
58
58
86
86
93
123
101
115
145
145
145
176
176
184
153
176
192
192
192
224
232
224
224
224
224
257
257
266
266
274
232
257
257
257
292
257
266
266
266
232
257
257
257
257
257
257
266
274
232
257
257
292
292
292
292
300
300
266
292
327
327
327
327
327
327
292
292
266
292
292
292
292
257
266
266
266
272
257
257
257
257
257
266
224
224
224
192
192
192
192
192
200
200
232
232
232
232
208
224
224
224
224
200
192
192
192
192
168
168
192
192
192
192
192
192
200
200
200
208
176
168
192
192
192
192
192
192
176
176
176
184
153
153
176
176
176
176
176
176
176
176
176
184
184
153
176
176
176
176
176
176
176
145
145
153
153
153
130
123
145
145
145
145

145
145
115
145
145
115
123
93
45
115
115
145
145
145
145
145
115
123
123
123
176
115
115
115
145
115
145
145
145
145
176
176
176
184
184
153
153
192
200
192
192
192
224
224
192
224
232
232
232
200
153
224
200
192
200
200
200
232
200
200
192
192
192
192
176
168
192
192
200
192
192
200
200
176
176
176
176
176
184
176
176
176
176
176
176
176
145
145
115
11
11
93
176
200
200
200
208
224
224
192
224
192
192
192
200
200
200
232
266
200
200
200
200
176
168
168
224
224
-156
