-115
-115
-145
-145
-145
-145
-145
-145
-184
-176
-153
-176
-176
-192
-192
-192
-192
-224
-224
-224
-232
-232
-232
-232
-232
-224
-153
-257
-257
-257
-257
-257
-292
-292
-292
-292
-292
-300
-300
-300
-292
-283
-292
-292
-327
-327
-327
-327
-327
-327
-327
-327
-336
-327
-336
-327
-292
-327
-327
-327
-327
-364
-364
-327
-327
-327
-327
-327
-336
-336
-336
-336
-327
-292
-327
-327
-327
-327
-292
-292
-292
-292
-292
-292
-292
-300
-300
-300
-266
-266
-224
-224
-257
-257
-257
-257
-257
-224
-224
-224
-232
-224
-232
-232
-232
-232
-232
-176
-168
-160
-192
-192
-192
-192
-192
-192
-192
-192
-192
-200
-192
-200
-176
-176
-184
-184
-153
-145
-145
-176
-176
-176
-145
-145
-145
-145
-145
-145
-145
-145
-145
-145
-145
-153
-153
-153
-123
-115
-115
-145
-145
-115
-115
-115
-115
-115
-115
-115
-115
-115
-86
-93
-86
-93
-93
-93
-93
-65
-58
-58
-86
-86
-86
-86
-86
-86
-115
-115
-115
-115
-115
-86
-93
-86
-93
-93

-93
-93
-58
-58
-115
-115
-115
-115
-115
-115
-115
-115
-115
-115
-115
-86
-93
-86
-93
58
58
754
754
538
550
31622
31622
31742
31742
31742
31742
31742
31742
31742
31742
31742
31742
31742
31742
31742
31742
31742
4836
4836
-3250
-3302
-2916
-2916
-2547
-2437
-2401
-2401
-2232
-2016
-2016
-1696
-1696
-1425
-1425
-1194
-1194
-1123
-1123
-1057
-1073
-1073
-1073
-1141
-1141
-1212
-1212
-1212
-1212
-1286
-1267
-1212
-1344
-1344
-1344
-1344
-1344
-1344
-1344
-1344
-1344
-1344
-1344
-1344
-1425
-1425
-1425
-1425
-1425
-1425
-1425
-1425
-1446
-1425
-1446
-1425
-1446
-1425
-1364
-1425
-1511
-1511
-1511
-1601
-1601
-1601
-1601
-1601
-1601
-1601
-1601
-1696
-1696
-1696
-1696
-1721
-1601
-1624
-1511
-1533
-1533
-1533
-1533
-1533
-1364
-1364
-1344
-1344
-1344
-1344
-1344
-1344
-1267
-1194
-1194
-1123
-1123
-1123
-1123
-1057
-1073
-993
-1008
-932
-947
-888
-888
-817
-817
-764
-764
-663
-650
-627
-514
-483
-442
-402
-364
-364
-292
-292
-224
-224
-192
-192
-115
-115
-58
-65
-11
-11
58
64
106
150
150
218
213
253
248
299
299
334
334
384
384
415
445
431
431
442
442
471
467
481
495
495
495
495
509

505
505
505
505
505
505
505
505
502
502
502
502
509
505
481
495
471
467
471
467
456
456
442
442
431
431
415
415
400
400
384
384
368
372
339
321
321
290
285
271
267
228
228
208
172
128
88
82
64
64
40
40
15
15
-11
-11
-11
-11
-38
-38
-38
-38
-65
-65
-93
-86
-93
-115
-123
-115
-123
-145
-123
-115
-115
-176
-176
-176
-176
-192
-192
-224
-224
-224
-224
-232
-257
-257
-257
-266
-257
-266
-292
-300
-292
-300
-300
-300
-336
-336
-336
-336
-336
-327
-300
-327
-292
-327
-292
-364
-364
-364
-364
-364
-364
-364
-364
-364
-364
-364
-364
-327
-327
-327
-327
-327
-327
-327
-327
-327
-292
-292
-300
-292
-300
-300
-266
-266
-266
-266
-274
-274
-240
-224
-200
-224
-200
-224
-224
-192
-192
200
-192
-200
-192
-192
-176
-176
-176
-176
-176
-176
-145
-145
-145
-145
-153
-145
-153
-153
-153
-123
-123
-123
-123
-123
-123
-123
-130
-101
-86
-65
-86
-58
-58
-58
-58
-65
-65
-65
-65
-65
-65
-65
-65
-65
-65
-65
-65
-65
-65
-58
-65
-58
-65
-58
-65
-65
-65
-65
-65
-65
-65
-38
-45
-65
-65
-72
-58
-38
-65
-38
-31
-65
-58
-65
-65
-58
-65
-65
-86
-86
-65
-65
-86
-86
-86
-86
-93
-86
-93
-115
-115
-115
-123
-115
-123
-115
-115
-145
-145
-153
-153
-153
-145
-153
-145
-153
-176
-184
-176
-184
-153
-145
-145
-168
-192
-192
-192
-192
-192
-200
-200
-192
-192
-192
-192
-224
-224
-224
-224
-224
-224
-224
-224
-224
-232
-224
-224
-232
-232
-232
-224
-232
-224
-232
-224
-232
-224
-232
-232
-232
-232
-232
-232
-232
-208
-208
-200
-224
-192
-224
-224
-224
-224
-224
-224
-224
-232
-224
-224
-224
-283
-153
253
355
1036
1075
635