-932
-993
-1008
-1008
-993
-1008
-993
-947
-1057
-1057
-1057
-1057
-1057
-1057
-1123
-1123
-1141
-1141
-1141
-1141
-1073
-1057
-1123
-1123
-1123
-1123
-1123
-1194
-1194
-1123
-1141
-1123
-1141
-1123
-1073
-1123
-1123
-1057
-1057
-1057
-1057
-1057
-1057
-1008
-1008
-1008
-1008
-962
-873
-817
-873
-873
-804
-804
-751
-751
-700
-700
-663
-663
-615
-615
-580
-536
-483
-525
-483
-483
-442
-442
-402
-364
-364
-292
-292
-257
-266
-232
-200
-160
-192
-145
-145
-115
-115
-86
-86
-38
-38
-11
-11
34
64
76
88
88
128
128
150
150
193
193
218
218
233
233
253
248
267
262
308
290
290
308
308
308
303
321
321
321
321
321
321
317
317
334
339
321
321
303
308
303
303
290
290
290
290
290
271
267
253
248
271
271
233
233
233
233
218
213
188
188
188
188
167
150
145
150
145
128
150
128
128
106
106
88
82
88
88
58
64
58
58
34
34
8
15
40
-11
-11
-11
-11
-38
-38
-38
-38
-65
-65
-65
-65
-93
-93
-93
-93
-101
-65
-86
-115
-115
-115
-115
-145
-145
-145
-145
-145
-145
-176
-176
-176
-176
-184
-184
-153
-153
-160
-192
-176
-176
-192
-192
-192
-192
-192
-192
-200
-200
-200
-200
-200
-232
-232
-200
-200
-192
-224
-224
-224
-224
-224
-224
-224
-224
-224
-224
-224
-232
-266
-266
-266
-266
-266
-240
-192
-192
-224
-224
-224
-224
-224
-224
-224
-224
-224
-224
-224
-224
-232
-232
-232
-232
-232
-200
-200
-192
-224
-224
-224
-192
-192
-192
-192
-192
-192
-200
-192
-200
-192
-200
-200
-200
-240
-232
-168
-168
-192
-192
-192
-192
-176
-176
-176
-176
-176
-145
-145
-145
-145
-145
-153
-153
-153
-153
-153
-93
-93
-86
-115
-115
-115
-58
-58
-65
-65
-11
-145
-145
-1123
-1123
-932
-947
-1073
-1073
-1073
-1073
-1008
-947
-1057
-1073
-1123
-1123
-1123
-1123
-1123
-1123
-1008
-932
-932
-932
-932
-932
-947
-947
-947
-947
-947
-947
-962
-947
-947
-932
-932
-993
-993
-932
-932
-932
-932
-932
-932
-947
-932
-947
-947
-947
-947
-947
-888
-888
-947
-947
-888
-831
-831
-831
-888
-873
-873
-932
-932
-873
-873
-932
-947
-932
-947
-947
-947
-947
-947
-888
-888
-888
-888
-888
-888
-888
-873
-873
-873
-888
-932
-932
-932
-932
-932
-932
-932
-932
-615
-615
-402
-402
-232
-232
-200
-200
-336
-327
-336
-364
-327
-364
-364
-402
-402
-402
-402
-442
-442
-483
-483
-483
-483
-525
-525
-525
-525
-525
-525
-525
-514
-536
-558
-580
-558
-525
-525
-569
-558
-569
-569
-569
-569
-569
-615
-603
-603
-615
-569
-615
-615
-603
-615
-603
-615
-558
-569
-580
-580
-536
-536
-525
-525
-514
-525
-525
-525
-525
-525
-483
-483
-483
-442
-442
-442
-442
-402
-402
-402
-402
-373
-364
-336
-336
-336
-336
-266
-266
-257
-292
-257
-224
-224
-192
-192
-192
-192
-176
-176
-145
-145
-145
-145
-115
-123
-123
-123
-93
-93
-65
-58
-72
-38
-18
-38
-11
-11
-11
-11
-11
15
15
15
15
40
40
40
40
40
40
40
40
40
64
58
64
58
64
52
52
82
82
82
64
58
64
58
64
58
64
58
40
40
58
64
58
40
40
40
34
40
34
8
8
8
8
8
8
34
34
15
15
-11
-11
-11
-38
-38
-38
-38
-38
-38
-38
-38
-65
-65
-58
-65
-65
-65
-65
-65
-93
-93
-93
-86
-93
-86
-65
-115
-86
-115
-115
-115
-115
-115
-115
-115
-115
-145
-145
-145
-145
-145
-145
-145
-145
-145
-176
-176
-176
-176
-176
-176
-184
-184
-184
-153
-168
-168
-160
-192
-192
-192
-192
-200
-192
-192
-192
-192
-200
-192
-200
-192
-200
-200
-192
-200
-200
-200
-200
-200
-200
-200
-200
-208
-192
-176
-192
-168
-192
-192
-192
-200
-192
-192
-176
-176
-176
-176
-176
-176
-176
-176
-145
-145
-145
-145
-145
-145
-153
-145
-153
-145
-153
-153
-153
-153
-153
-123
-123
-115
-115
-115
-115
-115
-115
-115
-115
-115
-115
-115
-115
-115
-115
-115
-93
-93
-86
-93
-93
-93
-93
-93
-93
-93
-65
-72
82
82
752
544
554
-9311
-8404
31742
31742
31742
31742
31742
31742
31742
31742
31742
31742
31742
31742
31742
31742
7872
-6264
-6264
-3250
-3250
-2547
-2547
-2704
-2704
-2401
-2401
-2046
-2046
-1823
-1823
-1624
-1624
-1364
-1364
-1267
-1344
-1344
-1425
-1425
-1511
-1511
-1601
-1624
-1696
-1696
-1797
-1797
-1797
-1797
-1903
-1903
-1903
-1903
-1797
-1797
-1931
-1903
-1931
-1797
-1823
-1797
-1823
-1797
-1823
-1823
-1823
-1721
-1721
-1696
-1696
-1797
-1797
-1797
-1797
-1797
-1797
-1797
-1903
-1903
-1903
-1903
-1903
-1903
-1903
-1903
-2016
-2016
-2137
-2137
-2265
-2265
-2137
-2137
-2137
-2168
-2168
-2168
-2168
-2016
-2046
-2016
-2046
-1903
-1823
-1903
-1797
-1797
-1903
-1797
-1797
-1797
-1797
-1797
-1797
-1696
-1696
-1601
-1601
-1601
-1511
-1511
-1511
-1511
-1425
-1425
-1344
-1344
-1267
-1286
-1194
-1212
-1141
-1141
-1073
-1073
-947
-947
-902
-888
-725
-700
-663
-569
-525
-483
-483
-402
-402
-292
-292
-192
-192
-115
-115
-38
-38
40
40
128
128
188
271
267
321
321
384
384
442
442
478
478
515
515
550
550
584
584
618
618
640
630
654
672
672
682
679
682
679
689
689
689
689
679
679
679
679
669
672
669
669
662
662
651
640
638
630
627
610
604
584
584
572
572
563
563
544
544
495
495
467
467
431
400
400
368
368
339
339
303
303
271
271
253
253
233
233
188
188
167
167
150
150
123
82
82
64
58
40
34
8
8
34
34
-11
-11
-11
-11
-65
-65
-93
-93
-93
-93
-115
-145
-145
-145
-145
-176
-176
-192
-192
-200
-192
-232
-232
-232
-232
-266
-266
-266
-266
-300
-292
-300
-327
-336
-327
-336
-327
-345
-373
-373
-336
-336
-327
-327
-364
-364
-402
-402
-402
-402
-402
-402
-402
-442
-442
-442
-442
-442
-442
-442
-442
-442
-442
-442
-442
-442
-442
-442
-442
-442
-442
-442
-402
-402
-412
-402
-412
-373
-373
-336
-336
-300
-300
-300
-300
-257
-257
-292
-292
-292
-292
-292
-257
-257
-257
-266
-257
-257
-224
-224
-232
-232
-232
-232
-232
-232
-200
-200
-176
-176
-176
-176
-176
-176
-176
-145
-153
-145
-153
-153
-153
-123
-123
-123
-130
-93
-101
-65
-65
-58
-86
-86
-65
-65
-65
-65
-65
-58
-58
-65
-65
-65
-65
-65
-65
-65
-65
-65
-65
-65
-65
-65
-65
-65
-65
-65
-65
-58
-65
-65
-65
-65
-65
-72
-65
-72
-72
-72
-72
-72
-72
-45
-65
-38
-58
-38
-58
-65
-58
-65
-65
-65
-65
-65
-65
-65
-65
-65
-65
-65
-86
-93
-93
-93
-93
-115
-123
-115
-115
-115
-123
-123
-123
-115
-123
-153
-153
-153
-153
-153
-153
-153
-145
-153
-145
-153
-176
-184
-176
-153
-145
-145
-145
-145
-176
-176
-192
-200
-176
-176
-192
-200
-200
-200
-192
-200
-192
-192
-200
-192
-200
-192
-200
-200
-200
-200
-200
-200
-200
-232
-232
-232
-232
-232
-224
-232
-192
-200
-232
-232
-224
-232
-232
-232
-240
-240
-249
-240
-200
-200
-200
-200
-200
-224
-224
-200
-200
-192
-200
-192
-200
-192
-200
-200
-200
-192
-200
-200
172
326
460
312
