149
149
169
169
185
185
202
202
215
215
227
227
237
237
243
243
247
247
248
248
245
245
240
240
232
232
221
221
208
208
192
192
176
176
157
157
138
138
118
118
100
100
80
80
64
64
47
47
47
33
33
21
21
12
12
5
5
1
1
1
1
1
1
6
6
12
12
22
22
34
34
47
47
63
63
82
82
101
101
119
119
139
139
159
159
177
177
194
194
209
209
222
222
232
232
240
240
246
246
248
248
247
247
243
243
236
226
226
214
214
200
200
184
184
166
166
148
148
128
128
109
109
90
90
72
72
54
54
40
40
26
26
16
16
8
8
8
3
3
3
1
1
1
2
2
6
6
13
13
22
22
34
34
47
47
63
63
82
82
82
101
101
120
120
140
140
159
159
177
177
194
194
209
209
222
222
232
232
240
240
246
246
248
248
247
247
243
243
236
236
226
226
214
214
200
200
184
184
166
166
148
148
128
128
108
108
90
90
72
72
54
54
40
40
26
26
26
16
16
8
3
1
1
2
2
2
6
6
6
12
12
22
22
34
34
47
47
65
65
82
82
101
101
120
120
140
140
159
159
177
177
194
194
209
209
222
222
232
232
240
240
246
246
248
248
247
247
243
243
236
236
226
226
214
214
200
200
184
184
166
166
148
148
128
128
108
108
90
90
72
72
54
54
40
40
26
26
16
16
8
8
8
3
3
1
1
2
2
2
6
6
6
12
12
21
21
34
34
47
47
65
65
82
82
110
110
130
130
149
149
168
168
186
186
202
202
215
215
228
237
243
243
247
247
248
248
245
245
240
240
232
232
221
221
208
208
192
192
176
176
157
157
138
138
118
118
99
99
80
80
64
64
47
47
32
32
20
20
12
12
5
5
1
1
1
1
1
3
3
3
8
8
8
17
17
27
27
41
41
56
56
73
73
91
91
110
110
131
131
149
149
168
168
186
186
202
202
215
215
227
227
237
237
243
243
247
247
248
248
245
245
240
240
232
232
220
220
208
208
192
192
176
176
157
157
138
138
118
118
100
100
80
64
47
47
32
32
20
20
20
12
12
5
5
5
1
1
1
1
1
3
3
3
8
8
17
17
27
27
41
41
57
57
74
74
91
91
111
111
132
132
150
150
168
168
186
186
202
202
215
215
227
227
237
237
243
243
247
247
248
248
245
245
240
240
232
232
220
220
208
208
192
192
176
176
157
157
138
138
118
118
99
99
80
80
64
64
47
47
47
32
32
20
20
12
12
5
5
1
1
1
1
1
1
3
3
8
8
8
17
17
27
27
41
41
57
57
73
73
91
91
111
111
132
149
169
169
186
186
202
202
215
215
233
233
240
240
246
246
248
248
247
247
243
243
236
236
226
226
214
214
200
200
184
184
166
166
148
148
128
128
108
108
90
90
72
72
54
54
40
40
40
26
26
16
16
8
8
8
3
3
3
1
1
1
2
2
6
6
13
13
22
22
34
34
48
48
65
65
65
83
83
101
101
120
120
140
140
159
159
177
177
194
194
209
209
222
222
232
232
240
240
245
245
248
248
247
247
243
243
236
236
226
226
214
214
200
184
166
166
148
148
128
128
108
108
90
90
72
72
54
54
39
39
39
26
26
16
16
16
8
8
3
3
1
1
2
2
6
6
13
13
22
22
34
34
34
48
48
65
65
65
83
83
101
101
120
120
140
140
159
159
177
177
194
194
209
209
222
222
232
232
240
240
246
246
248
248
247
247
243
243
236
236
226
226
214
214
200
200
184
184
166
166
148
148
128
128
108
108
90
90
72
72
54
54
54
39
39
26
26
16
16
8
8
3
3
1
1
2
2
6
6
6
13
13
22
34
48
48
65
65
83
83
101
101
120
120
140
140
159
159
177
177
194
194
209
209
222
222
233
233
240
240
246
246
248
248
247
247
243
243
236
236
220
220
208
208
192
192
175
175
157
157
138
138
118
118
99
99
80
80
64
64
47
47
32
32
20
20
12
12
5
5
1
1
1
1
1
3
3
3
8
8
17
17
27
27
41
41
57
57
73
73
92
92
111
111
132
132
150
150
169
169
186
186
202
202
216
216
227
227
237
237
243
243
247
247
248
248
245
240
232
232
220
220
208
208
192
192
175
175
157
157
137
137
118
118
99
99
80
80
64
64
64
46
46
46
32
32
32
20
20
12
12
5
5
1
1
1
1
1
1
3
3
3
8
8
17
17
28
28
41
41
56
56
74
74
92
92
111
111
132
132
150
150
168
168
186
186
202
202
215
215
228
228
237
237
243
243
